92	85	64	72	4	99	69	69	75	65	
57	55	21	51	66	30	4	35	65	76	4	37	53	10	84	89	92	82	95	74	
92	87	11	8	11	15	59	80	36	35	97	93	42	19	44	60	49	0	95	66	29	99	3	82	61	40	71	53	74	66	
79	18	5	90	27	17	57	38	97	93	25	95	38	67	66	35	27	67	35	22	33	64	74	88	99	35	28	70	89	55	37	20	73	42	11	52	11	68	91	61	
14	16	8	52	84	26	87	11	93	75	86	26	39	60	14	90	95	95	61	36	2	50	57	75	44	20	28	56	88	71	69	2	87	77	7	23	3	94	35	96	69	21	74	61	33	40	51	28	87	12	
65	89	14	74	65	59	94	45	15	34	16	84	89	55	13	96	79	16	90	66	64	12	39	38	73	72	30	24	52	18	89	69	7	3	43	24	62	37	21	29	72	89	65	61	45	78	9	76	94	99	94	10	11	85	48	36	9	79	13	61	
49	2	31	56	57	26	33	72	64	54	53	88	44	19	1	41	49	10	69	44	61	63	54	25	0	55	61	9	86	74	70	35	28	53	43	38	80	28	62	96	35	15	36	31	86	37	72	36	99	93	32	12	8	38	37	8	45	51	69	31	25	39	18	6	45	14	44	77	42	58	
73	77	73	9	60	12	98	32	48	49	77	32	61	85	70	99	45	68	50	14	99	27	6	70	85	51	84	81	28	78	39	53	8	65	14	68	77	64	53	77	13	30	61	26	68	83	25	13	51	27	28	3	7	86	73	92	37	9	74	17	39	65	22	99	30	88	20	59	52	73	88	65	55	49	91	75	33	69	41	84	
48	21	87	7	7	12	52	44	73	78	13	65	43	35	64	26	75	84	85	27	9	74	44	17	75	87	92	8	8	33	45	57	54	84	16	61	49	68	57	22	46	22	87	42	9	4	68	84	88	5	11	50	79	55	67	7	43	59	15	51	45	12	60	51	97	29	13	98	97	22	20	96	45	60	38	54	16	58	39	56	63	50	6	95	58	73	2	53	85	17	
56	82	82	69	33	79	98	46	29	95	21	49	43	66	61	81	20	77	39	59	86	55	62	92	50	72	18	52	77	55	21	33	37	3	2	70	34	52	69	63	48	90	65	43	56	26	25	28	56	16	40	94	71	2	86	21	26	56	25	3	11	47	36	48	50	91	19	37	43	88	0	43	30	17	87	86	96	64	14	4	32	54	98	56	8	84	29	86	41	55	89	4	2	78	53	4	21	24	93	16	
