Array : 
34	65	92	52	69	43	47	11	20	85	
Best Search : 43	Average Search : 11	Worst Search : 9999
Array : 
36	85	72	1	83	85	64	73	47	99	56	87	92	59	11	61	60	52	5	73	
Best Search : 56	Average Search : 61	Worst Search : 9999
Array : 
41	39	37	84	42	6	79	88	68	98	72	55	83	96	55	17	32	70	89	31	69	96	17	12	54	79	72	66	31	29	
Best Search : 17	Average Search : 17	Worst Search : 9999
Array : 
38	23	19	75	7	60	32	85	47	99	82	70	53	16	17	59	32	49	80	72	79	48	68	47	12	73	26	35	38	8	63	76	30	33	2	88	92	85	72	90	
Best Search : 79	Average Search : 63	Worst Search : 9999
Array : 
35	6	12	39	73	28	97	5	76	28	76	6	76	95	53	39	68	30	73	5	89	88	32	18	20	33	58	12	69	81	53	3	86	64	41	11	92	89	15	19	17	42	77	44	89	81	82	56	10	54	
Best Search : 33	Average Search : 89	Worst Search : 9999
Array : 
12	98	41	44	67	61	28	24	24	97	5	28	51	42	92	92	52	35	32	18	5	48	12	81	91	0	61	24	7	70	30	18	19	70	13	86	82	93	61	57	41	17	85	91	11	28	34	14	14	66	32	18	65	95	99	56	94	11	31	0	
Best Search : 30	Average Search : 28	Worst Search : 9999
Array : 
33	60	69	51	82	34	88	15	26	49	72	66	17	8	8	27	87	42	41	0	59	24	17	23	18	67	30	63	78	61	14	10	20	82	12	53	15	0	68	92	48	91	9	64	50	17	43	36	10	83	35	68	6	3	90	75	70	20	37	99	32	50	8	51	83	19	56	98	70	23	
Best Search : 53	Average Search : 6	Worst Search : 9999
Array : 
41	17	13	50	33	62	66	75	49	75	9	35	42	14	37	83	40	58	54	76	56	85	25	15	88	7	86	43	56	55	65	97	24	29	46	8	42	63	34	90	37	42	24	30	7	12	64	46	22	18	21	29	2	97	44	89	3	81	31	11	87	95	7	10	23	4	69	16	66	2	5	54	43	80	35	1	44	98	46	65	
Best Search : 37	Average Search : 87	Worst Search : 9999
Array : 
15	18	93	17	14	88	5	69	68	36	79	7	82	37	68	57	92	37	72	9	90	29	62	33	60	96	85	3	45	31	67	60	48	12	28	62	99	32	82	19	19	60	25	53	48	44	9	39	80	32	47	70	12	60	54	72	7	38	74	51	20	93	62	68	56	89	81	6	73	62	24	91	73	0	95	72	44	55	10	75	87	8	44	50	19	49	21	25	39	47	
Best Search : 44	Average Search : 6	Worst Search : 9999
Array : 
27	58	91	89	77	46	77	9	51	49	22	27	92	94	78	86	65	73	41	26	48	79	85	43	80	3	92	1	27	30	99	54	87	89	94	16	86	70	24	88	71	46	66	14	39	44	99	56	16	91	33	63	21	70	6	1	72	49	53	51	78	51	56	16	91	49	31	76	70	55	15	92	0	81	5	90	24	4	97	91	46	82	6	19	51	63	71	74	11	23	24	40	25	31	7	15	31	38	42	1	
Best Search : 33	Average Search : 90	Worst Search : 9999
